0.34850000000000003
0.5031
0.5461
0.5694
0.5943999999999999
0.596
0.6103000000000001
0.616
0.6208
0.628
0.6343
0.6297999999999999
0.6418
0.6392
0.6416
0.6522
0.6487
0.6529
0.6579999999999999
0.6564
0.6568
0.6574
0.6605
0.6657
0.6695
0.6664
0.6687000000000001
0.6728000000000001
0.6662
0.6688
0.6736
0.6753
0.6829000000000001
0.6804000000000001
0.6779000000000001
0.6862999999999999
0.6844
0.6872
0.6819
0.6833
0.6829000000000001
0.6960999999999999
0.6876000000000001
0.6926000000000001
0.6873
0.6949
0.6992
0.6944
0.6899
0.701
0.7008
0.6918000000000001
0.6967
0.6926000000000001
0.7041
0.7017
0.7023999999999999
0.706
0.7017
0.7025
0.7026
0.7093
0.7081000000000001
0.7128
0.7101000000000001
0.7029000000000001
0.7162999999999999
0.7078
0.7127
0.7040000000000001
0.7158
0.7128
0.7092
0.7081000000000001
0.7148
0.7126
0.7105
0.7092
0.7149
0.7154
0.7116
0.7147
0.7171
0.7170000000000001
0.7156999999999999
0.7225
0.7186
0.7236
0.7166
0.7206999999999999
0.7187
0.718
0.7256999999999999
0.7184
0.7223999999999999
0.7254999999999999
0.7222
0.7263
0.7243
0.7165
0.7222
0.7290000000000001
0.7275
0.7273000000000001
0.7247
0.7243999999999999
0.7272
0.7343000000000001
0.7236
0.7258
0.7323999999999999
0.7288
0.7265999999999999
0.7279000000000001
0.7292000000000001
0.7271
0.7301000000000001
0.7303000000000001
0.7293000000000001
0.7323000000000001
0.7378
0.7399
0.7343000000000001
0.7279000000000001
0.7332
0.7323999999999999
0.7336
0.7321
0.7277
0.7356
0.7352
0.7365
0.7361
0.7354999999999999
0.7349
0.7342
0.7319
0.7367
0.7315
0.7361
0.7394
0.7326999999999999
0.7433
0.7361
0.7390000000000001
0.7373999999999999
0.7389
0.7384000000000001
0.7401000000000001
0.741
0.7402
0.7378
0.7395999999999999
0.7434999999999999
0.7406999999999999
0.7378
0.7426999999999999
0.742
0.7434999999999999
0.7432
0.7417
0.7469
0.7445999999999999
0.742
0.7425
0.7444
0.7437999999999999
0.7436
0.7458
0.7448
0.7484999999999999
0.7444
0.743
0.7434999999999999
0.7519
0.7454999999999999
0.7498
0.7497
0.7486
0.7463
0.7472
0.7506
0.748
0.7454999999999999
0.7491
0.7473000000000001
0.7441
0.7497
0.7524
0.7574
0.7442
0.7471
0.7498
0.7514
0.7501000000000001
0.7505
0.7513
0.747
0.7526
0.7465999999999999
0.3354
0.49670000000000003
0.5414
0.5733
0.579
0.6045
0.6036
0.6097
0.6207
0.6236
0.629
0.6354
0.6395000000000001
0.6392
0.6413
0.6448999999999999
0.6531
0.6516
0.6493000000000001
0.6589
0.6546
0.6659
0.6629999999999999
0.6634
0.6620999999999999
0.6666
0.6666
0.6716
0.6722
0.6742
0.675
0.6781999999999999
0.6781999999999999
0.6797
0.6745
0.6742
0.6814
0.6779999999999999
0.6854
0.6847
0.6870999999999999
0.6855
0.6883
0.6865000000000001
0.6842
0.684
0.6888
0.6945999999999999
0.6908
0.6954
0.6898000000000001
0.6967
0.6973
0.6948000000000001
0.6984999999999999
0.701
0.6995999999999999
0.7014
0.6987000000000001
0.6956
0.7090000000000001
0.7076
0.7082999999999999
0.7053
0.7098
0.7054
0.7005
0.7034
0.7045
0.7037
0.7132
0.7134999999999999
0.7127
0.7105
0.7121
0.7128
0.7081000000000001
0.7214
0.7092
0.7147
0.7139
0.7166
0.7156999999999999
0.7147
0.7179000000000001
0.7152
0.7195
0.7195
0.7173
0.7195
0.7170000000000001
0.7188
0.7243999999999999
0.7243999999999999
0.7212000000000001
0.7202
0.7245999999999999
0.7283
0.7219
0.7242000000000001
0.7159
0.7248
0.7253000000000001
0.7287
0.7295
0.7223999999999999
0.7243
0.7253000000000001
0.7247
0.7254999999999999
0.7254
0.7231000000000001
0.7353000000000001
0.7263
0.7261
0.7288
0.7315999999999999
0.7286
0.7304999999999999
0.7245999999999999
0.731
0.7323000000000001
0.7326999999999999
0.7334
0.7298
0.7275
0.732
0.7304999999999999
0.7341
0.731
0.7349
0.7356
0.7431
0.7354999999999999
0.7349
0.7322
0.7340000000000001
0.7319
0.7341
0.7345999999999999
0.7398
0.7358
0.7309
0.7363
0.7387
0.7376999999999999
0.7317
0.7372
0.7417
0.7373000000000001
0.7413
0.7419
0.7448
0.7379000000000001
0.7415999999999999
0.7429000000000001
0.7399
0.7382
0.735
0.7403
0.7417
0.7411
0.7404999999999999
0.7411
0.7448
0.7419
0.7498999999999999
0.7424
0.7476
0.7424
0.7356999999999999
0.7481
0.7514
0.7502
0.7448999999999999
0.7456
0.7465
0.7418
0.7442
0.7443000000000001
0.7469
0.7447
0.7454000000000001
0.7483
0.7484000000000001
0.7459
0.7501000000000001
0.7495999999999999
0.7501000000000001
0.7491
0.742
0.7473000000000001
0.7526999999999999
0.754
0.7487999999999999
0.7476
0.7555
0.7509999999999999
0.753
0.7535
0.7512000000000001
0.7487999999999999
0.7479
0.7482
0.747
0.7502
0.7501000000000001
0.7542
0.7447
0.7545999999999999
0.7526999999999999
0.7493000000000001
0.747
0.7532
0.7522
0.7551000000000001
0.7547
0.7522
0.7513
0.7537
0.7529
0.7536
0.7643000000000001
0.7552
0.7572
0.7545000000000001
0.754
0.7568
0.7552
0.7509
0.7545999999999999
0.7587
0.7603
0.7591
0.759
0.7578
0.7536
0.7581
0.7615000000000001
0.7545000000000001
0.7584000000000001
0.7555
0.7619
0.7570999999999999
0.7576999999999999
0.7584000000000001
0.7574
0.763
0.7565999999999999
0.7584000000000001
0.7574
0.7584000000000001
0.7556999999999999
0.7573000000000001
0.7595000000000001
0.7613
0.7631
0.7604000000000001
0.7559999999999999
0.7606999999999999
0.7594
0.7623000000000001
0.762
0.7568
0.7553
0.7615999999999999
0.76
0.7569
0.7608
0.7602
0.7570999999999999
0.7655
0.7587
0.7573000000000001
0.7584000000000001
0.7579
0.7602
0.7624
0.7653
0.7589
0.7626000000000001
0.7659
0.7562000000000001
0.7654000000000001
0.7655
0.763
0.7624
0.7624
0.7595000000000001
0.765
0.7695000000000001
0.7633
0.7673000000000001
0.7681
0.7629
0.7635
0.7626000000000001
0.764
0.7594
0.7637
0.3398
0.4955
0.5488000000000001
0.5713
0.5896
0.5957
0.6128
0.6128
0.6185
0.6177
0.6309
0.6345000000000001
0.633
0.6357
0.6491
0.6472
0.6556000000000001
0.6513
0.652
0.6543000000000001
0.6618
0.6553
0.6652
0.659
0.6668000000000001
0.6651
0.6659999999999999
0.6616
0.6709999999999999
0.6805
0.6769
0.6746
0.6727
0.6742
0.6736
0.6759999999999999
0.6785
0.6806
0.6740999999999999
0.6787000000000001
0.6837000000000001
0.6858
0.6855
0.6884999999999999
0.6886
0.6920000000000001
0.6897
0.6937000000000001
0.6940000000000001
0.6979000000000001
0.6896
0.6949
0.6912999999999999
0.7033
0.6994
0.6968000000000001
0.6970000000000001
0.6997
0.6887000000000001
0.6999
0.7023999999999999
0.7001000000000001
0.7019
0.7023
0.7058
0.7059000000000001
0.6973999999999999
0.7089
0.7023
0.705
0.71
0.7070000000000001
0.7118000000000001
0.71
0.7137
0.713
0.716
0.7089
0.7143
0.7101999999999999
0.7137
0.7162999999999999
0.7137
0.7127
0.7114
0.7151000000000001
0.7156
0.7171
0.7209
0.721
0.7191
0.7237
0.7187
0.7181000000000001
0.7145999999999999
0.7152
0.7208
0.7184
0.7173
0.7223999999999999
0.7167
0.7217
0.7219
0.7238
0.7226
0.7206
0.718
0.7217
0.7237
0.7254999999999999
0.732
0.722
0.7234
0.7254999999999999
0.726
0.7342
0.7234999999999999
0.7267
0.7241
0.7243
0.7309
0.7318000000000001
0.7272
0.7215
0.727
0.7314
0.73
0.7334
0.7267
0.7364
0.7338
0.7322
0.7308
0.7229000000000001
0.7271
0.7393000000000001
0.7343000000000001
0.7365999999999999
0.7373999999999999
0.7328
0.7304
0.7329000000000001
0.7338
0.7328
0.735
0.7408
0.7362000000000001
0.7395999999999999
0.7395999999999999
0.74
0.7397
0.7328
0.7390000000000001
0.7354999999999999
0.7395
0.7371
0.7382
0.7439
0.7454999999999999
0.7413
0.7358
0.7353000000000001
0.74
0.7345999999999999
0.7365999999999999
0.7434000000000001
0.738
0.7387
0.7394
0.7379000000000001
0.7425
0.7402
0.7391
0.7464
0.7448999999999999
0.7451000000000001
0.7453
0.7491
0.7502
0.7412000000000001
0.7517
0.7498
0.7475
0.7431
0.7403
0.7406
0.7462000000000001
0.743
0.7482
0.7482
0.7454999999999999
0.7453
0.7490000000000001
0.748
0.7459
0.7509
0.741
0.7452
0.7425
0.7437999999999999
0.7521
0.7537
0.748
0.7524
0.7548999999999999
0.7518
0.7468
0.7501000000000001
0.7514
0.7506999999999999
0.7490000000000001
0.7501000000000001
0.7518
0.7568
0.7484999999999999
0.7465
0.7481
0.7441
0.7525
0.7541
0.7529
0.7565999999999999
0.7509
0.7509
0.7570999999999999
0.7495999999999999
0.7529
0.7563
0.7542
0.7555
0.7486
0.7534000000000001
0.7593000000000001
0.7543000000000001
0.7548999999999999
0.7548
0.7579
0.7612000000000001
0.7525
0.7479
0.7565999999999999
0.7524
0.7574
0.7556
0.7619
0.7561
0.7568
0.758
0.7559
0.7576
0.7604000000000001
0.7551000000000001
0.7559
0.7541
0.757
0.7598
0.7574
0.7558
0.7551000000000001
0.7598999999999999
0.7605
0.7559999999999999
0.7609
0.7601
0.7565000000000001
0.758
0.7587999999999999
0.7634000000000001
0.7555
0.7626000000000001
0.7656999999999999
0.7645000000000001
0.7645000000000001
0.7644
0.7605
0.7676999999999999
0.7584000000000001
0.7556999999999999
0.7603
0.7565999999999999
0.7609999999999999
0.7646
0.7620999999999999
0.7615000000000001
0.7631999999999999
0.7592
0.7594
0.7620999999999999
0.7615000000000001
0.7568
0.7635
0.7656999999999999
0.7558
0.7593000000000001
0.762
0.7639
0.7576
0.7626999999999999
0.7626999999999999
0.7674
